# Initialize cell vectors, the first entry is the value in the cell (0 if empty),
# The other values 1 - 9 are possible values for the cell to take on.
################################################################################
# row 1
################################################################################
x11 <- c(0,1,2,3,4,5,6,7,8,9)
x12 <- c(0,1,2,3,4,5,6,7,8,9)
x13 <- c(0,1,2,3,4,5,6,7,8,9)
x14 <- c(0,1,2,3,4,5,6,7,8,9)
x15 <- c(0,1,2,3,4,5,6,7,8,9)
x16 <- c(0,1,2,3,4,5,6,7,8,9)
x17 <- c(0,1,2,3,4,5,6,7,8,9)
x18 <- c(0,1,2,3,4,5,6,7,8,9)
x19 <- c(0,1,2,3,4,5,6,7,8,9)
################################################################################
# row 2
################################################################################
x21 <- c(0,1,2,3,4,5,6,7,8,9)
x22 <- c(0,1,2,3,4,5,6,7,8,9)
x23 <- c(0,1,2,3,4,5,6,7,8,9)
x24 <- c(0,1,2,3,4,5,6,7,8,9)
x25 <- c(0,1,2,3,4,5,6,7,8,9)
x26 <- c(0,1,2,3,4,5,6,7,8,9)
x27 <- c(0,1,2,3,4,5,6,7,8,9)
x28 <- c(0,1,2,3,4,5,6,7,8,9)
x29 <- c(0,1,2,3,4,5,6,7,8,9)
################################################################################
# row 3
################################################################################
x31 <- c(0,1,2,3,4,5,6,7,8,9)
x32 <- c(0,1,2,3,4,5,6,7,8,9)
x33 <- c(0,1,2,3,4,5,6,7,8,9)
x34 <- c(0,1,2,3,4,5,6,7,8,9)
x35 <- c(0,1,2,3,4,5,6,7,8,9)
x36 <- c(0,1,2,3,4,5,6,7,8,9)
x37 <- c(0,1,2,3,4,5,6,7,8,9)
x38 <- c(0,1,2,3,4,5,6,7,8,9)
x39 <- c(0,1,2,3,4,5,6,7,8,9)
################################################################################
# row 4
################################################################################
x41 <- c(0,1,2,3,4,5,6,7,8,9)
x42 <- c(0,1,2,3,4,5,6,7,8,9)
x43 <- c(0,1,2,3,4,5,6,7,8,9)
x44 <- c(0,1,2,3,4,5,6,7,8,9)
x45 <- c(0,1,2,3,4,5,6,7,8,9)
x46 <- c(0,1,2,3,4,5,6,7,8,9)
x47 <- c(0,1,2,3,4,5,6,7,8,9)
x48 <- c(0,1,2,3,4,5,6,7,8,9)
x49 <- c(0,1,2,3,4,5,6,7,8,9)
################################################################################
# row 5
################################################################################
x51 <- c(0,1,2,3,4,5,6,7,8,9)
x52 <- c(0,1,2,3,4,5,6,7,8,9)
x53 <- c(0,1,2,3,4,5,6,7,8,9)
x54 <- c(0,1,2,3,4,5,6,7,8,9)
x55 <- c(0,1,2,3,4,5,6,7,8,9)
x56 <- c(0,1,2,3,4,5,6,7,8,9)
x57 <- c(0,1,2,3,4,5,6,7,8,9)
x58 <- c(0,1,2,3,4,5,6,7,8,9)
x59 <- c(0,1,2,3,4,5,6,7,8,9)
################################################################################
# row 6
################################################################################
x61 <- c(0,1,2,3,4,5,6,7,8,9)
x62 <- c(0,1,2,3,4,5,6,7,8,9)
x63 <- c(0,1,2,3,4,5,6,7,8,9)
x64 <- c(0,1,2,3,4,5,6,7,8,9)
x65 <- c(0,1,2,3,4,5,6,7,8,9)
x66 <- c(0,1,2,3,4,5,6,7,8,9)
x67 <- c(0,1,2,3,4,5,6,7,8,9)
x68 <- c(0,1,2,3,4,5,6,7,8,9)
x69 <- c(0,1,2,3,4,5,6,7,8,9)
################################################################################
# row 7
################################################################################
x71 <- c(0,1,2,3,4,5,6,7,8,9)
x72 <- c(0,1,2,3,4,5,6,7,8,9)
x73 <- c(0,1,2,3,4,5,6,7,8,9)
x74 <- c(0,1,2,3,4,5,6,7,8,9)
x75 <- c(0,1,2,3,4,5,6,7,8,9)
x76 <- c(0,1,2,3,4,5,6,7,8,9)
x77 <- c(0,1,2,3,4,5,6,7,8,9)
x78 <- c(0,1,2,3,4,5,6,7,8,9)
x79 <- c(0,1,2,3,4,5,6,7,8,9)
################################################################################
# row 8
################################################################################
x81 <- c(0,1,2,3,4,5,6,7,8,9)
x82 <- c(0,1,2,3,4,5,6,7,8,9)
x83 <- c(0,1,2,3,4,5,6,7,8,9)
x84 <- c(0,1,2,3,4,5,6,7,8,9)
x85 <- c(0,1,2,3,4,5,6,7,8,9)
x86 <- c(0,1,2,3,4,5,6,7,8,9)
x87 <- c(0,1,2,3,4,5,6,7,8,9)
x88 <- c(0,1,2,3,4,5,6,7,8,9)
x89 <- c(0,1,2,3,4,5,6,7,8,9)
################################################################################
# row 9
################################################################################
x91 <- c(0,1,2,3,4,5,6,7,8,9)
x92 <- c(0,1,2,3,4,5,6,7,8,9)
x93 <- c(0,1,2,3,4,5,6,7,8,9)
x94 <- c(0,1,2,3,4,5,6,7,8,9)
x95 <- c(0,1,2,3,4,5,6,7,8,9)
x96 <- c(0,1,2,3,4,5,6,7,8,9)
x97 <- c(0,1,2,3,4,5,6,7,8,9)
x98 <- c(0,1,2,3,4,5,6,7,8,9)
x99 <- c(0,1,2,3,4,5,6,7,8,9)
################################################################################
################################################################################
# set some values in the sudoku grid to start the game
################################################################################
x11 <- 5
x15 <- 8
x16 <- 6
x19 <- 1
x23 <- 2
x24 <- 7
x26 <- 1
x27 <- 6
x32 <- 7
x33 <- 1
x37 <- 2
x38 <- 5
x41 <- 9
x42 <- 1
x45 <- 2
x48 <- 7
x51 <- 3
x54 <- 1
x55 <- 4
x56 <- 5
x59 <- 6
x62 <- 6
x65 <- 9
x68 <- 2
x69 <- 4
x72 <- 5
x73 <- 3
x77 <- 4
x78 <- 6
x83 <- 8
x84 <- 9
x86 <- 3
x87 <- 5
x91 <- 2
x94 <- 5
x95 <- 1
x99 <- 7
w <- list(x11,x21,x31,x41,x51,x61,x71,x81,x91,
        x12,x22,x32,x42,x52,x62,x72,x82,x92,
        x13,x23,x33,x43,x53,x63,x73,x83,x93,
        x14,x24,x34,x44,x54,x64,x74,x84,x94,
        x15,x25,x35,x45,x55,x65,x75,x85,x95,
        x16,x26,x36,x46,x56,x66,x76,x86,x96,
        x17,x27,x37,x47,x57,x67,x77,x87,x97,
        x18,x28,x38,x48,x58,x68,x78,x88,x98,
        x19,x29,x39,x49,x59,x69,x79,x89,x99)
v <- c(x11[1],x21[1],x31[1],x41[1],x51[1],x61[1],x71[1],x81[1],x91[1],
       x12[1],x22[1],x32[1],x42[1],x52[1],x62[1],x72[1],x82[1],x92[1],
       x13[1],x23[1],x33[1],x43[1],x53[1],x63[1],x73[1],x83[1],x93[1],
       x14[1],x24[1],x34[1],x44[1],x54[1],x64[1],x74[1],x84[1],x94[1],
       x15[1],x25[1],x35[1],x45[1],x55[1],x65[1],x75[1],x85[1],x95[1],
       x16[1],x26[1],x36[1],x46[1],x56[1],x66[1],x76[1],x86[1],x96[1],
       x17[1],x27[1],x37[1],x47[1],x57[1],x67[1],x77[1],x87[1],x97[1],
       x18[1],x28[1],x38[1],x48[1],x58[1],x68[1],x78[1],x88[1],x98[1],
       x19[1],x29[1],x39[1],x49[1],x59[1],x69[1],x79[1],x89[1],x99[1])
m <- matrix(data=v, nrow = 9, ncol = 9)
################################################################################

for (x in w){
  if (x[1] != 0){
    ind <- (m == x[1])
    col_indx <- col(m)[ind]
    col_indx <- min(col_indx)
    row_indx <- row(m)[ind]
    row_indx <- min(row_indx)
    
  }
}
  
